3205290
3106500
6545700
4203335
4203750
3844460
4203860
4203910
4202130
4209410
4120800
2969025
4220401
4220100
4213275
5608091
3650526
3651550
3651530
5870200
4118220
4215710
6142650
5607080
5608020
5709020
5109250
3103580
5708125
5101070
5101020
2588501
5608400
3649510
2969069
4213340
3103430
5709110
5608100
5101040
5101110
4977350
5101130
2589420
2969210
3649449
5608030
5708200
5202010
5101460
5608200
3651400
1434820
5608060
3650990
4213100
2969018
2588482
5708100
2969019
5202040
5202055
3649511
5608300
5708185
3649450
4213605
4213564
5110030
6142300
5708140
6246600
3649010
