5109250
1992200
4147721
5101070
2998800
2589200
3205650
2589201
5870100
5101080
4213275
5104160
1591800
5204018
3458100
3652660
5101110
6444090
5101118
5101130
5865550
5867600
5608020
5202010
4213340
5608030
5607010
3660900
6144100
4148325
5101161
3630700
5202030
1309810
5202040
5870200
2969210
5608060
4202110
5865600
4123270
5202055
5101190
4977800
1577100
4202130
5202067
6142100
4359320
1309850
5202075
5608091
1491610
5202080
4185250
5608100
4185252
6142120
5607080
3205290
5202090
5607085
5202095
6142640
5865650
5202100
4152500
6142650
3649210
5202110
4147903
4207810
4123331
3106500
4220100
3103430
4977350
1434820
6142660
4207300
6246600
4118220
4123341
1992400
6246611
5222100
4185301
6142680
5709020
6934750
4120800
4123360
2589410
5304035
5712100
4203750
6502120
2589420
5221100
4123375
5202160
3652850
6125300
5101307
4215040
4209410
4214020
5202180
5608200
5868300
5110030
3652879
1491220
1259800
6502170
6502171
3649311
6545700
3618600
6144300
3650860
5202227
5709110
3649850
3650875
4213564
5226300
2588482
5708100
4203335
2181960
3651400
5101385
4203340
4213070
4203857
4203860
2588501
2969435
3103580
2969437
5708125
3652955
3471200
1634500
4213605
4115305
4213100
3844460
4115310
4215660
5708140
4213105
5608300
4213110
4358520
3652985
6196100
4203910
4771210
3649420
6144400
2588561
5101460
1992600
5708185
4234650
1634200
4215710
4356510
5109150
4213150
5405095
5708200
3649449
3649450
1591720
3650990
4127150
2588600
2969016
2969018
2969019
5204410
3663800
2969025
3471300
2588101
4113350
4213191
4358600
4113351
3651530
4213193
5302220
2588620
4134350
4185550
5608400
4204500
4771800
5101020
3651550
3650526
6139360
2591200
5302242
3649510
3649511
4204010
2969069
2969071
5101040
4220401
4209650
3649010
1992180
5607410
2969076
4213240
5101050
3649020
